fx = 906.64027
cx = 627.36092
fy = 908.00455
cy = 366.51433
k1 = 0.130468
k2 = -0.256998
p1 = -0.002236
p2 = -0.002475
width = 1280
height = 720